episode, reward, success, duration, steps, total_steps, memory length, avg_critic_loss, avg_actor_loss
1, -23609.580600500107, 2, 37.017217066999365, 2609, 25247,                                             25247, 7.193586349487305, 147.66932678222656
2, -7644.639901638031, 3, 17.73318863300119, 1229, 26476,                                             26476, 6.93740701675415, 158.6862030029297
3, -4161.308000802994, 2, 5.315963025999736, 347, 26823,                                             26823, 7.918105125427246, 163.02395629882812
4, -6949.140296220779, 2, 19.778407241999957, 1367, 28190,                                             28190, 7.570755481719971, 166.60142517089844
5, -3420.6319293379784, 2, 5.315244118000919, 347, 28537,                                             28537, 7.707292079925537, 169.1582489013672
6, -3543.2482182979584, 2, 5.52838462499858, 343, 28880,                                             28880, 7.824143886566162, 171.2947998046875
7, -6143.413437962532, 2, 12.140090344999408, 825, 29705,                                             29705, 8.697625160217285, 173.98318481445312
8, -3781.2985904216766, 2, 5.528585658999873, 353, 30058,                                             30058, 8.913311004638672, 175.99436950683594
9, -3366.021041035652, 2, 5.5197827800002415, 358, 30416,                                             30416, 8.7174711227417, 178.46771240234375
10, -3930.604698896408, 2, 4.928169738001088, 339, 30755,                                             30755, 8.375750541687012, 179.50257873535156
11, -3837.502675294876, 2, 5.810624547999396, 380, 31135,                                             31135, 8.296049118041992, 183.09019470214844
12, -7972.435693979263, 2, 7.533737458001269, 520, 31655,                                             31655, 9.51404094696045, 184.73362731933594
13, -4196.627019405365, 2, 5.5168946309986495, 359, 32014,                                             32014, 9.566219329833984, 189.8663787841797
14, -9362.646803021431, 3, 15.159141513999202, 1041, 33055,                                             33055, 10.24752140045166, 190.51580810546875
15, -13421.405974030495, 2, 25.790079852000417, 1753, 34808,                                             34808, 10.054449081420898, 197.687744140625
16, -15590.112100303173, 2, 38.03023561000009, 2633, 37441,                                             37441, 10.727423667907715, 209.36094665527344
17, -960.2437829971313, 1, 8.924366126999303, 602, 38043,                                             38043, 12.051825523376465, 218.56057739257812
18, -29095.369656562805, 4, 50.069504090999544, 3466, 41509,                                             41509, 12.369769096374512, 234.81903076171875
19, -4418.945072650909, 2, 6.924926839999898, 460, 41969,                                             41969, 13.33552074432373, 249.93408203125
20, 2133.956706404686, 1, 4.722153701999559, 316, 42285,                                             42285, 13.773860931396484, 249.84446716308594
21, -13211.918948054314, 2, 32.895547460999296, 2264, 44549,                                             44549, 14.314745903015137, 260.56878662109375
22, -7181.265791654587, 2, 13.954616987000918, 952, 45501,                                             45501, 14.873379707336426, 273.29949951171875
23, -8315.880737364292, 3, 27.986694744000488, 1920, 47421,                                             47421, 15.498583793640137, 281.7481689453125
24, -11109.158674836159, 4, 49.65203520399882, 3438, 50859,                                             50859, 16.60207748413086, 294.44805908203125
25, -8554.315168738365, 3, 28.78685390999999, 1969, 52828,                                             52828, 17.38966178894043, 310.06707763671875
26, -13275.92616134882, 2, 48.86426785900039, 3368, 56196,                                             56196, 18.03185272216797, 324.0288391113281
27, -5182.779839038849, 2, 8.7276338820011, 584, 56780,                                             56780, 18.8897705078125, 340.0062561035156
28, -8415.604165434837, 3, 23.18183453399979, 1601, 58381,                                             58381, 19.405908584594727, 343.37384033203125
29, -4611.688192486763, 2, 10.330091306001123, 696, 59077,                                             59077, 19.557235717773438, 348.9535827636719
30, -10799.792145252228, 2, 19.773853779999627, 1354, 60431,                                             60431, 20.012619018554688, 356.9540100097656
31, -3816.2873702049255, 2, 5.417358795999462, 352, 60783,                                             60783, 20.813926696777344, 368.0080871582031
32, -5926.537754774094, 2, 11.147180324000146, 762, 61545,                                             61545, 20.904279708862305, 367.2994079589844
33, -6718.353454351425, 2, 12.338597899000888, 828, 62373,                                             62373, 20.89975357055664, 375.1419372558594
34, -4574.661823630333, 2, 11.14063247500053, 764, 63137,                                             63137, 20.836332321166992, 373.4073486328125
35, -5343.61105799675, 2, 11.13995599899863, 752, 63889,                                             63889, 21.302438735961914, 381.6310729980469
36, -9483.355830192566, 2, 12.751390281999193, 875, 64764,                                             64764, 21.56304168701172, 387.0699157714844
37, -5182.01389336586, 2, 7.93810531499912, 543, 65307,                                             65307, 22.129085540771484, 387.6430969238281
38, -5449.940624713898, 2, 7.725482854000802, 516, 65823,                                             65823, 22.14847755432129, 398.64691162109375
39, -4760.8302981853485, 2, 7.537164755000049, 516, 66339,                                             66339, 22.58933448791504, 396.5202331542969
40, -6030.401296854019, 3, 10.336147772999539, 699, 67038,                                             67038, 22.69168472290039, 404.3921813964844
41, -4411.288137435913, 2, 7.441272910000407, 504, 67542,                                             67542, 22.817821502685547, 405.7342834472656
42, -5426.650037050247, 3, 10.126297361999605, 686, 68228,                                             68228, 22.79052734375, 408.8016052246094
43, -3809.4755494594574, 2, 7.322627752000699, 491, 68719,                                             68719, 23.927589416503906, 410.46624755859375
44, -5746.308779478073, 2, 10.538290089998554, 710, 69429,                                             69429, 23.292795181274414, 413.3248291015625
45, -5016.423968553543, 3, 9.931724789001237, 657, 70086,                                             70086, 23.520366668701172, 417.9449157714844
46, -4749.274894952774, 3, 10.33036002100016, 691, 70777,                                             70777, 23.55177116394043, 424.1095275878906
47, -7737.82905459404, 2, 15.945554765999987, 1077, 71854,                                             71854, 24.400651931762695, 428.9049987792969
48, -6447.108206868172, 2, 10.734155336000185, 723, 72577,                                             72577, 24.56591796875, 435.9688415527344
49, 2190.3978878855705, 1, 4.12519626699941, 281, 72858,                                             72858, 25.52223014831543, 444.4419250488281
50, -6871.166058063507, 2, 11.93556268499924, 809, 73667,                                             73667, 26.203989028930664, 446.1992492675781
51, -4943.518677711487, 2, 8.246784183998898, 562, 74229,                                             74229, 25.93272590637207, 450.0956115722656
52, -17991.552320241928, 2, 29.99333632300113, 2052, 76281,                                             76281, 26.45948028564453, 458.5233154296875
53, -8632.791502475739, 2, 10.144683119000547, 688, 76969,                                             76969, 27.052820205688477, 475.880859375
54, -8682.083143234253, 2, 14.943377375999262, 1011, 77980,                                             77980, 27.267887115478516, 477.5878601074219
55, -6673.163370370865, 2, 7.324969311001041, 479, 78459,                                             78459, 27.8001766204834, 488.2942199707031
56, -25982.937186717987, 2, 47.64718586500021, 3254, 81713,                                             81713, 28.022064208984375, 494.3873291015625
57, -21110.405915379524, 2, 36.80056927899932, 2510, 84223,                                             84223, 29.056501388549805, 516.209228515625
58, -4003.261065721512, 2, 6.13556072099891, 413, 84636,                                             84636, 29.82099151611328, 528.4810791015625
59, -7255.153250277042, 2, 11.73175378400083, 781, 85417,                                             85417, 29.713777542114258, 532.471435546875
60, -8235.996843576431, 2, 18.97289338399969, 1298, 86715,                                             86715, 30.167816162109375, 538.7861938476562
61, -7769.809818029404, 2, 17.249435916000948, 1171, 87886,                                             87886, 29.250947952270508, 541.1029663085938
62, -13777.781872153282, 2, 20.57722322599875, 1404, 89290,                                             89290, 30.089078903198242, 547.4019165039062
63, -5050.578246116638, 2, 8.927821998999207, 600, 89890,                                             89890, 30.658056259155273, 559.056640625
64, -4099.095588207245, 2, 5.529576218999864, 380, 90270,                                             90270, 31.29418182373047, 557.5486450195312
65, -13328.37369132042, 2, 39.216735998999866, 2675, 92945,                                             92945, 30.540040969848633, 559.82666015625
66, -4299.1587500572205, 2, 6.320997675000399, 410, 93355,                                             93355, 31.1408748626709, 564.14990234375
67, -5979.405635416508, 3, 10.946264811998844, 741, 94096,                                             94096, 31.953441619873047, 572.2665405273438
68, -7368.87596988678, 2, 15.955007467999167, 1057, 95153,                                             95153, 32.250083923339844, 576.4414672851562
69, -4840.327824354172, 2, 6.12089652800023, 394, 95547,                                             95547, 30.973941802978516, 580.5755615234375
70, -6281.958198547363, 2, 7.325869745000091, 480, 96027,                                             96027, 31.470796585083008, 577.6997680664062
71, -4257.658007144928, 2, 6.8244987670004775, 464, 96491,                                             96491, 32.099388122558594, 580.3475952148438
72, 2168.800578713417, 1, 4.517002568998578, 287, 96778,                                             96778, 33.02701950073242, 579.6870727539062
73, -5643.25194811821, 2, 9.542645319999792, 616, 97394,                                             97394, 31.684383392333984, 588.9182739257812
74, -4167.131650805473, 2, 8.138335404999452, 545, 97939,                                             97939, 32.32508087158203, 590.181884765625
75, -4190.9394426345825, 2, 5.720983431001514, 372, 98311,                                             98311, 32.95697784423828, 586.2942504882812
76, -8916.242582559586, 2, 18.961105305001183, 1280, 99591,                                             99591, 32.83268737792969, 588.6256103515625
77, -6286.408911943436, 2, 8.925014366999676, 597, 100188,                                             100188, 32.71690368652344, 597.441650390625
78, -3565.3081327676773, 2, 7.335904986999594, 493, 100681,                                             100681, 32.44141387939453, 596.4346313476562
79, -5289.233847856522, 2, 11.537749272001747, 772, 101453,                                             101453, 33.225154876708984, 600.9296264648438
80, 311.21923646330833, 1, 8.938852191999104, 604, 102057,                                             102057, 34.10966110229492, 602.4395141601562
81, -3755.8040084838867, 2, 7.222713035000197, 457, 102514,                                             102514, 34.37762451171875, 597.6204223632812
82, -4624.495674788952, 2, 11.946739134000381, 778, 103292,                                             103292, 33.14665603637695, 602.5772705078125
83, -4214.944928407669, 2, 7.321877181000673, 488, 103780,                                             103780, 34.06536102294922, 607.7402954101562
84, -3165.9531959295273, 2, 5.330020482000691, 355, 104135,                                             104135, 33.74442672729492, 615.0712890625
85, -7293.351836442947, 2, 15.948442533999696, 1068, 105203,                                             105203, 34.19943618774414, 612.3431396484375
86, -5640.457176685333, 2, 13.754196313999273, 935, 106138,                                             106138, 34.60951614379883, 613.8701782226562
87, -4216.222000896931, 2, 11.544993316998443, 751, 106889,                                             106889, 34.937747955322266, 618.7081298828125
88, -3211.567622721195, 2, 6.122306770999785, 397, 107286,                                             107286, 33.87461471557617, 616.5140991210938
89, -4038.959556400776, 3, 10.141579536999416, 686, 107972,                                             107972, 34.912200927734375, 621.4110107421875
90, 1331.7245125174522, 1, 8.125369338000382, 540, 108512,                                             108512, 35.02627944946289, 619.1578369140625
91, -3784.3449318408966, 3, 4.632473378000213, 283, 108795,                                             108795, 33.74190139770508, 614.66796875
92, 1607.1793702840805, 1, 6.720664379001391, 444, 109239,                                             109239, 34.93259811401367, 616.699462890625
93, -3514.5918011665344, 2, 3.3131566120009666, 212, 109451,                                             109451, 34.925296783447266, 615.4921264648438
94, -6465.832601308823, 2, 16.15924669299966, 1102, 110553,                                             110553, 35.322269439697266, 624.1412963867188
95, -7123.927516937256, 2, 22.770619782000722, 1534, 112087,                                             112087, 35.48955154418945, 630.5845336914062
96, -7678.507869958878, 3, 13.348750154998925, 885, 112972,                                             112972, 36.211917877197266, 631.929931640625
97, -9987.501632630825, 4, 49.456973832000585, 3380, 116352,                                             116352, 36.070220947265625, 636.0301513671875
98, -4666.281120538712, 3, 9.329342756000187, 620, 116972,                                             116972, 36.101375579833984, 638.4625244140625
99, -4386.840675771236, 2, 12.73533498299912, 848, 117820,                                             117820, 35.82316970825195, 642.9762573242188
100, -5401.583576202393, 2, 13.748898153000482, 926, 118746,                                             118746, 37.11836624145508, 638.8241577148438
101, -1337.861525297165, 1, 15.067112529000951, 1016, 119762,                                             119762, 36.39767074584961, 642.1370239257812
102, -2578.7368466854095, 3, 0.9039968699999008, 40, 119802,                                             119802, 35.9822883605957, 657.9414672851562
103, -3788.1144753694534, 2, 6.1346307690000685, 414, 120216,                                             120216, 36.10432052612305, 639.7286376953125
104, -8656.421025753021, 2, 30.805780030999813, 2065, 122281,                                             122281, 36.455543518066406, 645.0241088867188
105, -6355.31019115448, 2, 13.741119359998265, 918, 123199,                                             123199, 36.78752899169922, 648.3781127929688
106, 2232.4922501444817, 1, 4.71756661299878, 300, 123499,                                             123499, 36.843658447265625, 646.5587768554688
107, -3531.002940893173, 2, 2.521053219999885, 144, 123643,                                             123643, 36.95668411254883, 644.7384033203125
108, -9441.327485203743, 4, 49.84105490699949, 3389, 127032,                                             127032, 36.963321685791016, 650.3792114257812
109, -8276.379288375378, 3, 23.580797278998944, 1604, 128636,                                             128636, 37.201026916503906, 652.8090209960938
110, -6075.406401216984, 3, 20.37166745200011, 1357, 129993,                                             129993, 36.31770324707031, 651.6762084960938
111, -9328.176673233509, 4, 50.150331417000416, 3420, 133413,                                             133413, 36.8003044128418, 652.6170043945312
112, -3445.18877017498, 2, 6.519656496000607, 425, 133838,                                             133838, 35.90287399291992, 649.801513671875
113, 1305.9414926171303, 1, 8.543586220001089, 572, 134410,                                             134410, 36.39421081542969, 656.5872192382812
114, -5539.953906774521, 3, 14.543047241999375, 975, 135385,                                             135385, 37.0374641418457, 652.3112182617188
115, -6273.164993107319, 2, 16.160644612000397, 1068, 136453,                                             136453, 36.79075622558594, 652.3301391601562
116, -3220.7075530290604, 2, 5.12562011099908, 346, 136799,                                             136799, 38.10428237915039, 655.3490600585938
117, -7852.787718653679, 2, 25.381190146001245, 1717, 138516,                                             138516, 37.526893615722656, 657.6468505859375
118, -3760.831428050995, 2, 5.529231635000542, 368, 138884,                                             138884, 36.53230667114258, 653.5743408203125
119, -3952.0010156035423, 2, 11.14684619000036, 730, 139614,                                             139614, 37.33305740356445, 656.9039306640625
120, -3707.9821412563324, 2, 5.72771030200056, 389, 140003,                                             140003, 36.30457305908203, 656.9270629882812
121, -3445.245071351528, 2, 6.408819747999587, 419, 140422,                                             140422, 36.25809860229492, 649.2850341796875
122, -3730.237367630005, 2, 5.128491917001156, 343, 140765,                                             140765, 36.730621337890625, 657.7542724609375
123, -5244.789814531803, 2, 11.739003680000678, 772, 141537,                                             141537, 37.141849517822266, 658.5621948242188
124, -4386.450473070145, 2, 11.748731027999384, 798, 142335,                                             142335, 37.19350051879883, 653.1661376953125
125, -4141.598889350891, 2, 5.517548952999277, 359, 142694,                                             142694, 38.13850784301758, 658.613037109375
126, -17248.111151218414, 2, 46.64844460899985, 3169, 145863,                                             145863, 37.53282928466797, 661.2845458984375
127, -7203.196251034737, 2, 24.570771445998616, 1646, 147509,                                             147509, 36.832733154296875, 657.794677734375
128, -13672.451098799706, 2, 42.24346581499958, 2874, 150383,                                             150383, 37.144351959228516, 658.4799194335938
129, -10774.695150136948, 4, 49.64924504600094, 3373, 153756,                                             153756, 36.973358154296875, 657.984130859375
130, -10564.064638733864, 4, 49.85425188600129, 3365, 157121,                                             157121, 36.24277877807617, 652.1922607421875
131, -3441.233394742012, 2, 6.026803547998497, 405, 157526,                                             157526, 36.93674087524414, 654.39599609375
132, -9036.109498262405, 4, 50.07294467199972, 3370, 160896,                                             160896, 35.891944885253906, 646.8284912109375
133, -9092.43108344078, 2, 25.183805111000765, 1708, 162604,                                             162604, 35.453922271728516, 642.755615234375
134, -6370.106545984745, 1, 43.43375600000036, 2940, 165544,                                             165544, 35.74617385864258, 640.5153198242188
135, -3277.371789932251, 2, 2.12248827500116, 135, 165679,                                             165679, 33.87993240356445, 634.3856201171875
136, -10608.012602686882, 2, 39.82566575199962, 2673, 168352,                                             168352, 35.53776931762695, 637.3140869140625
137, -12739.448895454407, 4, 49.83892009400006, 3353, 171705,                                             171705, 35.24104309082031, 634.8866577148438
138, -8102.785440683365, 3, 22.986340454001038, 1548, 173253,                                             173253, 34.43960952758789, 628.4982299804688
139, -9467.750616967678, 4, 49.84608407199994, 3355, 176608,                                             176608, 33.84977722167969, 627.0186157226562
140, -9861.199975728989, 4, 49.8559343729994, 3361, 179969,                                             179969, 33.641902923583984, 623.6442260742188
141, -8425.917349934578, 2, 25.273094387999663, 1710, 181679,                                             181679, 33.606693267822266, 622.5714111328125
142, -9867.20869088173, 2, 30.797461842001212, 2055, 183734,                                             183734, 33.47868347167969, 617.0632934570312
143, -10503.635207653046, 4, 49.84645098100009, 3358, 187092,                                             187092, 33.11840057373047, 614.91064453125
144, -8468.455658257008, 4, 49.662202186000286, 3355, 190447,                                             190447, 33.2489013671875, 612.0699462890625
145, -12292.4930768013, 4, 49.669569701, 3339, 193786,                                             193786, 32.82373809814453, 604.19677734375
146, -3719.024743795395, 2, 5.717588659001194, 362, 194148,                                             194148, 32.011810302734375, 603.9450073242188
147, -11235.023112177849, 4, 50.26603868799975, 3398, 197546,                                             197546, 32.29996871948242, 602.5917358398438
148, -11068.440376579762, 4, 49.84556606499973, 3346, 200892,                                             200892, 31.58867835998535, 595.1090698242188
149, -1723.1418806314468, 1, 22.766824735999762, 1515, 202407,                                             202407, 31.505422592163086, 592.1168823242188
150, -3589.0069353580475, 2, 3.523775346999173, 236, 202643,                                             202643, 32.63115692138672, 596.4146118164062
151, -5141.260433375835, 2, 16.03209395399972, 1066, 203709,                                             203709, 31.979604721069336, 589.768310546875
152, -12648.878145754337, 2, 45.45896915999947, 3063, 206772,                                             206772, 31.423192977905273, 587.6310424804688
153, -12800.121138453484, 2, 45.43310019099954, 3044, 209816,                                             209816, 31.140104293823242, 583.9325561523438
154, -9945.865949749947, 4, 49.853285191000396, 3341, 213157,                                             213157, 30.912521362304688, 578.0477905273438
155, -11268.33513712883, 4, 49.6591429709988, 3342, 216499,                                             216499, 30.233057022094727, 569.8789672851562
156, -6418.247829556465, 2, 15.947181042000011, 1058, 217557,                                             217557, 30.304073333740234, 570.8353271484375
157, -13331.921492815018, 2, 47.25909026500085, 3173, 220730,                                             220730, 29.873157501220703, 568.4820556640625
158, -9922.035331130028, 4, 49.858817330999955, 3329, 224059,                                             224059, 29.61846923828125, 564.5103149414062
159, -8168.767529726028, 2, 25.57822017500075, 1702, 225761,                                             225761, 28.88653564453125, 561.1171264648438
160, -9580.197958827019, 4, 50.46668768000018, 3383, 229144,                                             229144, 29.169363021850586, 556.90625
161, -9491.49810886383, 4, 49.73883949100127, 3321, 232465,                                             232465, 28.599912643432617, 552.8740844726562
162, -2032.3187056779861, 1, 26.188433432998863, 1747, 234212,                                             234212, 28.380220413208008, 548.4995727539062
163, -10068.795587539673, 4, 50.245668083000055, 3358, 237570,                                             237570, 27.941097259521484, 544.7247924804688
164, 1112.2575372457504, 1, 9.128037398999368, 590, 238160,                                             238160, 28.13599967956543, 542.3924560546875
165, -10472.241670191288, 2, 29.79862519800008, 1996, 240156,                                             240156, 27.534854888916016, 538.5306396484375
166, -8263.320610165596, 2, 20.766025824999815, 1371, 241527,                                             241527, 27.37237548828125, 537.7302856445312
167, -11295.785341084003, 4, 50.26770767900052, 3376, 244903,                                             244903, 27.471439361572266, 537.4904174804688
168, -8184.164674162865, 2, 27.384931652999512, 1799, 246702,                                             246702, 27.726919174194336, 535.6676025390625
169, -7781.340091347694, 2, 13.150694856998598, 870, 247572,                                             247572, 27.621471405029297, 535.7689819335938
170, -14406.717445850372, 4, 49.643635275000634, 3315, 250887,                                             250887, 27.641124725341797, 532.730224609375
171, -7026.923774063587, 2, 25.289481277999585, 1686, 252573,                                             252573, 26.939592361450195, 531.3743286132812
172, -7843.320163190365, 2, 25.17778005600121, 1667, 254240,                                             254240, 27.619958877563477, 531.4613647460938
173, -10654.49132680893, 4, 50.05887582499963, 3319, 257559,                                             257559, 27.32695198059082, 525.8734130859375
174, -11601.986750125885, 4, 49.461640006999005, 3309, 260868,                                             260868, 26.93984603881836, 522.4951782226562
175, -8412.947701692581, 2, 30.589300210000147, 2026, 262894,                                             262894, 26.846446990966797, 520.1859130859375
176, -3680.554595887661, 1, 20.95972646900009, 1377, 264271,                                             264271, 26.909748077392578, 517.5208129882812
177, -15345.636299073696, 2, 38.836725851000665, 2597, 266868,                                             266868, 26.662931442260742, 514.5341186523438
178, -12451.66025930643, 4, 49.67027751900059, 3321, 270189,                                             270189, 26.663742065429688, 515.1605224609375
179, -12650.115556299686, 2, 33.20266058099878, 2197, 272386,                                             272386, 26.651599884033203, 512.7202758789062
180, -6839.611888229847, 2, 22.985121366000385, 1530, 273916,                                             273916, 26.4803466796875, 512.6104125976562
181, -10565.212650418282, 4, 50.73606774399923, 3373, 277289,                                             277289, 26.238182067871094, 509.03204345703125
182, -7356.369530200958, 2, 24.576740552000047, 1612, 278901,                                             278901, 26.132591247558594, 505.7879943847656
183, -10883.357255220413, 4, 50.44676731599975, 3356, 282257,                                             282257, 25.797290802001953, 503.8783264160156
184, -10048.245384812355, 4, 50.46067993700126, 3361, 285618,                                             285618, 25.810382843017578, 501.98590087890625
185, -8025.176769733429, 3, 25.98783956099942, 1701, 287319,                                             287319, 25.25623893737793, 501.4924011230469
186, -6421.683016717434, 3, 20.560052050001104, 1355, 288674,                                             288674, 25.339805603027344, 501.1546630859375
187, -8734.543746113777, 3, 25.988238572999762, 1723, 290397,                                             290397, 25.56413459777832, 498.0780944824219
188, -10287.163775384426, 2, 41.42993463700077, 2741, 293138,                                             293138, 25.894094467163086, 498.4599609375
189, -8344.280757904053, 2, 19.37091921299907, 1282, 294420,                                             294420, 25.421812057495117, 496.572265625
190, -7128.6065863370895, 3, 22.16705559299953, 1461, 295881,                                             295881, 25.44523048400879, 496.27813720703125
191, -6835.5150862932205, 2, 21.069906070000798, 1402, 297283,                                             297283, 25.855533599853516, 493.4547424316406
192, -13358.074865162373, 2, 49.262349706999885, 3240, 300523,                                             300523, 25.579851150512695, 494.4404602050781
193, -11298.581220149994, 4, 49.05348892599977, 3260, 303783,                                             303783, 25.2259464263916, 491.3951416015625
194, -10883.86329561472, 4, 49.85316089799926, 3296, 307079,                                             307079, 24.977460861206055, 486.5802917480469
195, -6422.161159515381, 3, 21.585657266001363, 1428, 308507,                                             308507, 25.076183319091797, 487.4683532714844
196, -6597.0094130039215, 2, 13.738294024000425, 890, 309397,                                             309397, 25.329187393188477, 487.1650695800781
197, -9475.027557373047, 4, 50.44955043899972, 3339, 312736,                                             312736, 25.053707122802734, 484.6523742675781
198, -9784.805032134056, 2, 35.00506407800094, 2310, 315046,                                             315046, 24.94267463684082, 485.0083923339844
199, -9820.957327008247, 2, 37.62041905800106, 2478, 317524,                                             317524, 24.95282554626465, 483.3908386230469
200, -3495.0320897102356, 2, 5.516425039999376, 345, 317869,                                             317869, 24.387521743774414, 485.50860595703125
201, -3876.5256394147873, 2, 5.2725100930001645, 345, 318214,                                             318214, 24.868181228637695, 483.3456115722656
202, -11685.447682797909, 4, 49.85657362399979, 3285, 321499,                                             321499, 24.956623077392578, 482.3069152832031
203, -10372.855009436607, 4, 50.0608061260009, 3287, 324786,                                             324786, 24.88779640197754, 480.98406982421875
204, -7193.571939706802, 2, 24.77810063600009, 1627, 326413,                                             326413, 24.50884437561035, 477.16241455078125
205, -10731.726395726204, 4, 49.65579848699963, 3288, 329701,                                             329701, 24.498178482055664, 476.7082824707031
206, -7411.853578448296, 3, 23.164502182000433, 1515, 331216,                                             331216, 24.31012535095215, 475.2351379394531
207, -7102.948526859283, 2, 23.783882543999425, 1564, 332780,                                             332780, 24.036401748657227, 473.97576904296875
208, -11835.207084059715, 4, 49.65143902499949, 3274, 336054,                                             336054, 24.21768569946289, 473.787109375
209, -9995.410507798195, 4, 49.66115050500048, 3279, 339333,                                             339333, 24.177888870239258, 472.84857177734375
210, -9774.357635259628, 4, 49.66765543099973, 3276, 342609,                                             342609, 24.26603126525879, 467.6598815917969
211, -6023.539300620556, 2, 18.632138684000893, 1209, 343818,                                             343818, 23.700918197631836, 467.1702880859375
212, -6513.574254453182, 2, 23.98468571400008, 1575, 345393,                                             345393, 23.24065399169922, 465.24969482421875
213, -9040.047101438046, 4, 49.64713849799955, 3266, 348659,                                             348659, 23.530792236328125, 465.4686584472656
214, -3877.357302427292, 2, 6.1248249060008675, 381, 349040,                                             349040, 23.200515747070312, 467.3722229003906
215, -8395.863012492657, 3, 23.9912697460004, 1577, 350617,                                             350617, 23.639421463012695, 462.22509765625
216, -9198.822465956211, 4, 49.85507906699968, 3271, 353888,                                             353888, 23.302310943603516, 461.2984924316406
217, -7949.780905842781, 3, 22.16852211600053, 1448, 355336,                                             355336, 23.219568252563477, 459.8982238769531
218, -6645.7938458919525, 3, 21.78037159700034, 1433, 356769,                                             356769, 23.336883544921875, 459.58270263671875
219, -6592.65678191185, 3, 21.56370046200027, 1401, 358170,                                             358170, 23.25812339782715, 457.137451171875
220, -6961.450276494026, 3, 22.77941341299993, 1491, 359661,                                             359661, 23.025779724121094, 455.7412109375
221, -10148.457575798035, 4, 49.71749877500042, 3259, 362920,                                             362920, 23.063650131225586, 456.5413818359375
222, -9672.828270673752, 4, 49.661461663999944, 3267, 366187,                                             366187, 23.107879638671875, 454.9746398925781
223, -6624.077670454979, 3, 21.15995182000006, 1376, 367563,                                             367563, 22.360078811645508, 454.76983642578125
224, -11815.826533138752, 4, 50.664749960000336, 3312, 370875,                                             370875, 22.882816314697266, 453.5473327636719
225, -9813.949422895908, 4, 49.85466481500043, 3262, 374137,                                             374137, 22.692161560058594, 450.1340026855469
226, -6361.070294260979, 2, 19.771197886000664, 1296, 375433,                                             375433, 22.560373306274414, 450.088623046875
227, -10500.330652475357, 3, 39.82345342700137, 2581, 378014,                                             378014, 22.367206573486328, 446.81591796875
228, -8670.054247498512, 2, 21.762928438000017, 1409, 379423,                                             379423, 22.277647018432617, 445.7729187011719
229, -3287.516036450863, 2, 5.733411653000076, 369, 379792,                                             379792, 21.931089401245117, 447.1003112792969
230, -3713.3087542057037, 2, 5.313072843000555, 327, 380119,                                             380119, 22.43851089477539, 448.8506164550781
231, -5710.5532440543175, 2, 21.263981800999318, 1390, 381509,                                             381509, 21.91655158996582, 445.9832763671875
232, 980.958634018898, 1, 10.330127256000196, 661, 382170,                                             382170, 21.779136657714844, 444.9587707519531
233, -791.2992235720158, 1, 20.168977402001474, 1309, 383479,                                             383479, 22.286029815673828, 445.0906677246094
234, -4354.612384676933, 2, 17.167725670000436, 1128, 384607,                                             384607, 22.311628341674805, 444.92974853515625
235, -4579.196454524994, 2, 10.732967509000446, 679, 385286,                                             385286, 22.481956481933594, 445.13507080078125
236, 2252.0262177586555, 1, 4.114013225000235, 254, 385540,                                             385540, 23.279829025268555, 441.72613525390625
237, 1698.804391413927, 1, 9.533499638999274, 608, 386148,                                             386148, 22.807661056518555, 442.56475830078125
238, -4492.031595945358, 2, 8.128175767000357, 519, 386667,                                             386667, 22.74354362487793, 444.6058044433594
239, 1111.597749710083, 1, 10.5461368139986, 678, 387345,                                             387345, 22.469575881958008, 444.2630310058594
240, -4925.118883550167, 2, 16.35153601300044, 1052, 388397,                                             388397, 22.122440338134766, 443.241943359375
241, -7399.1410809755325, 3, 21.64725589400041, 1405, 389802,                                             389802, 22.408924102783203, 443.2886962890625
242, -8643.083801746368, 2, 24.775138823000816, 1613, 391415,                                             391415, 22.396930694580078, 440.35321044921875
243, -3502.9975876808167, 3, 8.737487247999525, 561, 391976,                                             391976, 22.43641471862793, 440.1554260253906
244, -7445.9451494812965, 3, 14.55005658600021, 936, 392912,                                             392912, 21.61145782470703, 438.637451171875
245, -8806.5767878294, 2, 24.99123793599938, 1642, 394554,                                             394554, 22.11155128479004, 442.0361633300781
246, -8097.778670787811, 2, 20.77515360899997, 1354, 395908,                                             395908, 22.288005828857422, 441.1707763671875
247, -6852.7335394620895, 2, 18.15776959499999, 1169, 397077,                                             397077, 22.231943130493164, 442.4967041015625
248, -3164.2140505313873, 2, 5.315517965000254, 323, 397400,                                             397400, 22.812379837036133, 443.46484375
249, -3459.6494323015213, 3, 9.13737962400046, 560, 397960,                                             397960, 22.909664154052734, 442.1321105957031
250, -6059.40812587738, 3, 15.13783539600081, 948, 398908,                                             398908, 22.381704330444336, 441.214599609375
251, -3911.336314201355, 2, 8.628440538001087, 531, 399439,                                             399439, 22.543712615966797, 439.31640625
252, -8770.02593588829, 4, 49.65547079499993, 3258, 402697,                                             402697, 22.381591796875, 439.95550537109375
253, -3923.593202829361, 2, 8.92514286900041, 563, 403260,                                             403260, 22.235925674438477, 440.40362548828125
254, -7035.3877521157265, 2, 24.980875602001106, 1626, 404886,                                             404886, 22.360994338989258, 437.5414733886719
255, -3807.572385072708, 2, 12.547844836000877, 790, 405676,                                             405676, 21.743921279907227, 438.30731201171875
256, 1476.5066188573837, 1, 11.132838904000891, 708, 406384,                                             406384, 22.464078903198242, 436.7655334472656
257, -2894.3983777165413, 2, 3.7128205810004147, 221, 406605,                                             406605, 22.000823974609375, 441.2871398925781
258, 2238.2520092725754, 1, 3.925434425000276, 250, 406855,                                             406855, 22.462705612182617, 442.30401611328125
259, -3325.12770318985, 2, 3.108354332998715, 177, 407032,                                             407032, 23.89069938659668, 436.25140380859375
260, -3851.4414727687836, 2, 8.336934938999548, 537, 407569,                                             407569, 22.85115623474121, 434.324462890625
261, 1959.408850312233, 1, 8.39277042499998, 522, 408091,                                             408091, 22.828229904174805, 441.541015625
262, -3526.6879619956017, 2, 7.134447923999687, 468, 408559,                                             408559, 22.384809494018555, 438.3690185546875
263, -11536.267445802689, 2, 30.996288510999875, 2004, 410563,                                             410563, 22.315603256225586, 438.0659484863281
264, 1069.0322657227516, 1, 10.949164724999719, 706, 411269,                                             411269, 22.755504608154297, 439.2790222167969
265, -4939.048001050949, 2, 12.937017308000577, 823, 412092,                                             412092, 22.7552490234375, 435.8819885253906
266, -4622.3465576171875, 2, 9.327043519999279, 594, 412686,                                             412686, 22.800214767456055, 434.74609375
267, -3660.559068441391, 2, 6.935005938999893, 444, 413130,                                             413130, 22.89124298095703, 440.5702209472656
268, -6518.661542236805, 2, 22.582067684999856, 1444, 414574,                                             414574, 22.660207748413086, 435.716552734375
269, -6274.897264480591, 3, 9.339061689001028, 569, 415143,                                             415143, 22.41807746887207, 435.5768737792969
270, -4062.7633244991302, 3, 8.9253168489995, 563, 415706,                                             415706, 22.389102935791016, 434.81768798828125
271, -3679.1637692451477, 2, 6.806692084999668, 422, 416128,                                             416128, 22.090560913085938, 436.31524658203125
272, -9274.239932656288, 3, 36.209308257000885, 2340, 418468,                                             418468, 22.22356414794922, 434.66888427734375
273, -4885.508736670017, 2, 14.349480349001169, 915, 419383,                                             419383, 22.01424789428711, 435.0986328125
274, -12077.177564620972, 2, 31.206580417001533, 2040, 421423,                                             421423, 22.428892135620117, 433.9657897949219
275, -5827.290797054768, 2, 17.953387067998847, 1158, 422581,                                             422581, 22.082792282104492, 435.76739501953125
276, -15019.26166549325, 2, 48.25547599499987, 3146, 425727,                                             425727, 22.644563674926758, 435.69329833984375
277, -9092.670635521412, 2, 32.79891050600054, 2120, 427847,                                             427847, 22.64417839050293, 434.56317138671875
278, -4111.775119066238, 2, 9.127632204999827, 578, 428425,                                             428425, 22.252485275268555, 436.80389404296875
279, -4690.069628477097, 2, 13.754257423999661, 890, 429315,                                             429315, 22.23641586303711, 434.2725830078125
280, 1002.3559015393257, 1, 10.531486116000451, 662, 429977,                                             429977, 22.168867111206055, 433.2503356933594
281, -10358.747709989548, 2, 21.654504516998713, 1409, 431386,                                             431386, 22.36281394958496, 434.03167724609375
282, -13781.228073656559, 4, 49.664487644000474, 3225, 434611,                                             434611, 22.839263916015625, 433.1911315917969
283, -4211.806037783623, 2, 10.13015585299945, 642, 435253,                                             435253, 22.317279815673828, 432.8327941894531
284, -1976.6290066242218, 1, 17.758969659000286, 1131, 436384,                                             436384, 22.474632263183594, 433.5205078125
285, 85.12922537326813, 1, 16.553617469999153, 1061, 437445,                                             437445, 23.04374885559082, 430.9192199707031
286, -12365.827478379011, 2, 41.83838839800046, 2713, 440158,                                             440158, 22.216474533081055, 430.12164306640625
287, 2195.4656304717064, 1, 4.3172965759986255, 261, 440419,                                             440419, 21.587129592895508, 427.10272216796875
288, -3136.5383501052856, 2, 2.7121089929987647, 156, 440575,                                             440575, 22.530874252319336, 432.41607666015625
289, 2107.5255712270737, 1, 4.316289654001594, 254, 440829,                                             440829, 22.540361404418945, 432.23077392578125
290, -3532.668721437454, 2, 4.53110128499975, 282, 441111,                                             441111, 24.148242950439453, 430.6500549316406
291, 2167.9709219932556, 1, 4.381693197999994, 259, 441370,                                             441370, 22.617082595825195, 428.3067626953125
292, -3519.3175723552704, 3, 5.31839524300085, 333, 441703,                                             441703, 22.318389892578125, 431.6127624511719
293, -5069.866015791893, 2, 15.348567304001335, 976, 442679,                                             442679, 22.764602661132812, 432.2805480957031
294, -3692.1598489284515, 2, 6.731952267000452, 427, 443106,                                             443106, 22.29178810119629, 426.53662109375
295, -4677.784683048725, 2, 13.141393290999986, 831, 443937,                                             443937, 22.1403751373291, 429.667724609375
296, -2666.0871592760086, 1, 22.580654334999053, 1459, 445396,                                             445396, 22.119335174560547, 427.5920715332031
297, -2870.946875691414, 3, 3.922956119000446, 222, 445618,                                             445618, 22.541481018066406, 427.04254150390625
298, -13838.47785615921, 4, 49.45281099500062, 3190, 448808,                                             448808, 22.36014175415039, 427.5329895019531
299, -10767.320194661617, 2, 17.566841705000115, 1107, 449915,                                             449915, 22.192623138427734, 430.52685546875
300, -4418.468671262264, 3, 13.74596823200045, 866, 450781,                                             450781, 22.988468170166016, 428.8038635253906
301, 2292.315725207329, 1, 4.062602668000181, 261, 451042,                                             451042, 22.89237403869629, 424.3243408203125
302, -3769.6957503557205, 2, 6.121803706000719, 378, 451420,                                             451420, 23.060422897338867, 428.474609375
303, -13480.661526083946, 2, 41.42482245900101, 2670, 454090,                                             454090, 22.481891632080078, 427.6961669921875
304, -4066.8435639739037, 3, 10.74547793199963, 685, 454775,                                             454775, 23.260831832885742, 425.45587158203125
305, -6167.621485710144, 2, 19.363712020000094, 1242, 456017,                                             456017, 22.835458755493164, 427.6205139160156
306, -6972.742900669575, 2, 21.364143091001097, 1370, 457387,                                             457387, 22.658639907836914, 426.46844482421875
307, -16162.729223251343, 4, 50.459880651000276, 3269, 460656,                                             460656, 22.353036880493164, 426.61688232421875
308, -10691.661114990711, 2, 26.19127899799969, 1661, 462317,                                             462317, 22.497161865234375, 425.79486083984375
309, -7270.273537158966, 2, 8.338287388000026, 536, 462853,                                             462853, 22.053030014038086, 425.28326416015625
310, -3793.0345908999443, 3, 9.934158306999961, 620, 463473,                                             463473, 22.690776824951172, 423.43121337890625
311, -8606.451053977013, 2, 16.844265308000104, 1089, 464562,                                             464562, 23.044572830200195, 428.0033264160156
312, -4261.096079707146, 2, 10.946469893999165, 674, 465236,                                             465236, 22.14209747314453, 424.7652587890625
313, -3671.2804512381554, 2, 6.129282099000193, 387, 465623,                                             465623, 22.89144515991211, 428.22015380859375
314, -10759.238389730453, 3, 26.180129831998784, 1671, 467294,                                             467294, 23.058351516723633, 426.1733703613281
315, -5105.345868945122, 2, 12.151740523000626, 776, 468070,                                             468070, 22.989423751831055, 425.2855529785156
316, -9533.812616169453, 4, 49.6518996979994, 3200, 471270,                                             471270, 22.956472396850586, 427.00433349609375
317, -6842.602293252945, 3, 23.969613242001287, 1535, 472805,                                             472805, 22.95725440979004, 427.126953125
318, -5769.263080954552, 2, 15.566132739999375, 994, 473799,                                             473799, 22.954988479614258, 423.9653625488281
319, 2126.390915095806, 1, 4.716923754000163, 285, 474084,                                             474084, 22.732128143310547, 427.64263916015625
320, -6800.23117017746, 2, 11.336374790000264, 714, 474798,                                             474798, 23.37348175048828, 422.8392028808594
321, -7643.79364335537, 3, 26.857422488999873, 1720, 476518,                                             476518, 22.714012145996094, 426.0971984863281
322, -4624.492693722248, 2, 13.742133779000142, 864, 477382,                                             477382, 23.131832122802734, 425.67681884765625
323, -4735.331381320953, 2, 10.73722133299998, 669, 478051,                                             478051, 22.896991729736328, 430.5157775878906
324, -4679.73308545351, 2, 12.348646559999906, 783, 478834,                                             478834, 22.8514404296875, 427.9735412597656
325, -2792.0860589146614, 1, 23.170403997000903, 1477, 480311,                                             480311, 23.480995178222656, 427.05078125
326, -2989.262045145035, 3, 3.709743782001169, 228, 480539,                                             480539, 22.217960357666016, 422.5687561035156
327, -1368.9635875225067, 1, 22.177241241000957, 1416, 481955,                                             481955, 23.63595962524414, 427.9838562011719
328, -3397.840189218521, 3, 4.515410729998621, 276, 482231,                                             482231, 23.01904296875, 424.6706237792969
329, -8217.706091880798, 2, 25.984670922000078, 1648, 483879,                                             483879, 23.082733154296875, 427.8540344238281
330, -7135.900933265686, 3, 25.18357830700006, 1610, 485489,                                             485489, 23.402257919311523, 426.2212219238281
331, -4567.800255656242, 2, 11.408169677999467, 715, 486204,                                             486204, 23.01941680908203, 430.6672058105469
332, -7434.186643779278, 2, 29.605175705000875, 1904, 488108,                                             488108, 23.09250831604004, 426.18841552734375
333, -7439.836052834988, 2, 23.576787171001342, 1498, 489606,                                             489606, 23.325355529785156, 427.4279479980469
334, -11245.27654159069, 2, 36.02399346200036, 2310, 491916,                                             491916, 23.692378997802734, 426.415283203125
335, 754.7086753249168, 1, 11.939415875000122, 750, 492666,                                             492666, 22.795551300048828, 426.6198425292969
336, -3752.960711956024, 3, 7.726838549999229, 472, 493138,                                             493138, 23.250761032104492, 431.24127197265625
337, -2762.1907757520676, 1, 26.180359272000715, 1669, 494807,                                             494807, 23.29239273071289, 427.1194152832031
338, -5947.782033979893, 2, 11.74990872699891, 722, 495529,                                             495529, 23.256093978881836, 422.61029052734375
339, 1641.748005092144, 1, 6.935815554999863, 441, 495970,                                             495970, 23.011884689331055, 426.17523193359375
340, -3754.5886694192886, 2, 6.317722055999184, 387, 496357,                                             496357, 23.876951217651367, 428.9119567871094
341, -3346.487487733364, 2, 7.008853508999891, 441, 496798,                                             496798, 23.33435821533203, 424.3077087402344
342, -4968.080072283745, 3, 13.945042346000264, 874, 497672,                                             497672, 23.619604110717773, 426.6833801269531
343, -3820.1522054076195, 2, 9.944984701000067, 637, 498309,                                             498309, 23.906530380249023, 426.5304260253906
344, -7831.972302615643, 2, 22.18713065799966, 1423, 499732,                                             499732, 23.363162994384766, 425.87518310546875
345, -8344.589274525642, 3, 21.3605054130021, 1347, 501079,                                             501079, 23.66657066345215, 427.0432434082031
346, -6416.177709817886, 2, 22.581038128002547, 1418, 502497,                                             502497, 23.631084442138672, 427.176025390625
347, -3721.3098678588867, 2, 5.930193516000145, 376, 502873,                                             502873, 24.573837280273438, 425.8320007324219
348, -4142.914693713188, 2, 9.943162020001182, 608, 503481,                                             503481, 23.802406311035156, 424.2549133300781
349, -5420.896553277969, 2, 13.554400504999649, 859, 504340,                                             504340, 23.553659439086914, 425.4307556152344
350, -6708.206022977829, 3, 23.36456116499903, 1479, 505819,                                             505819, 23.590797424316406, 422.9678955078125
351, -8317.230731159449, 2, 25.65008482900157, 1634, 507453,                                             507453, 23.842361450195312, 422.6506652832031
352, -5728.168255209923, 2, 17.76334927100106, 1133, 508586,                                             508586, 23.381502151489258, 421.5517578125
353, -4051.6422625780106, 2, 10.332960006999201, 645, 509231,                                             509231, 23.26983070373535, 424.476318359375
354, -4639.253670215607, 2, 15.552244036000047, 978, 510209,                                             510209, 23.275684356689453, 422.3369445800781
355, 1509.3966647982597, 1, 8.328023647998634, 507, 510716,                                             510716, 24.230098724365234, 423.9139099121094
356, -3504.6868183612823, 2, 3.109515468000609, 183, 510899,                                             510899, 24.01080894470215, 433.133544921875
357, 1942.806253939867, 1, 8.934450297001604, 533, 511432,                                             511432, 23.283180236816406, 422.7257385253906
358, -3530.1459960341454, 2, 5.530767824999202, 321, 511753,                                             511753, 24.40943145751953, 430.4153137207031
359, -3180.728525161743, 3, 8.740716506003082, 554, 512307,                                             512307, 23.273204803466797, 426.8695373535156
360, -3173.0679746866226, 2, 5.518395813000097, 333, 512640,                                             512640, 23.40163803100586, 429.41290283203125
361, 2068.32568860054, 1, 4.590177050999046, 269, 512909,                                             512909, 23.3905086517334, 421.6385192871094
362, -4737.720512747765, 2, 14.154825483001332, 906, 513815,                                             513815, 23.602556228637695, 430.04315185546875
363, -4854.717468798161, 2, 14.744067840998468, 927, 514742,                                             514742, 24.09998321533203, 424.2040100097656
364, 2287.3325365185738, 1, 4.318604730000516, 263, 515005,                                             515005, 22.928983688354492, 422.05096435546875
365, -9738.621446967125, 2, 23.785703771001863, 1522, 516527,                                             516527, 24.22504997253418, 426.9825439453125
366, -14879.786901652813, 2, 40.823077424000076, 2596, 519123,                                             519123, 23.90735626220703, 425.92193603515625
367, -11411.791737914085, 2, 40.82266175000041, 2588, 521711,                                             521711, 23.83141326904297, 425.4957580566406
368, -8214.969275593758, 2, 21.778246453002794, 1390, 523101,                                             523101, 23.82806968688965, 426.0602111816406
369, 1193.8352865576744, 1, 11.750954094000917, 714, 523815,                                             523815, 23.245439529418945, 424.4561767578125
370, -3018.1651005744934, 2, 2.520965789000911, 129, 523944,                                             523944, 24.702930450439453, 430.7686767578125
371, -8646.926782488823, 3, 25.6536582109984, 1623, 525567,                                             525567, 24.197601318359375, 426.3976135253906
372, -6344.548468530178, 2, 16.966976633997547, 1045, 526612,                                             526612, 24.419124603271484, 427.1883239746094
373, -5609.356172800064, 2, 20.37607891600055, 1292, 527904,                                             527904, 24.079025268554688, 426.4072265625
374, -7442.841100633144, 2, 27.184937305999483, 1715, 529619,                                             529619, 24.286970138549805, 425.43426513671875
375, 1215.4307019114494, 1, 10.945892793002713, 663, 530282,                                             530282, 23.881942749023438, 428.46051025390625
376, -5665.799259543419, 3, 14.558472095999605, 926, 531208,                                             531208, 23.684104919433594, 426.36614990234375
377, -7823.066622018814, 2, 13.741059934000077, 858, 532066,                                             532066, 24.03726577758789, 425.6112365722656
378, -10838.014976084232, 2, 29.811659838997002, 1887, 533953,                                             533953, 24.3620662689209, 425.8900146484375
379, -4335.574347317219, 2, 11.13790818599955, 691, 534644,                                             534644, 24.237916946411133, 425.0690612792969
380, -3904.69105553627, 2, 9.330599988999893, 578, 535222,                                             535222, 24.215198516845703, 424.9904479980469
381, -10212.31197655201, 4, 49.92217226100183, 3156, 538378,                                             538378, 24.28194808959961, 426.4762878417969
382, 945.8305106163025, 1, 10.531754261999595, 647, 539025,                                             539025, 24.73592185974121, 427.49102783203125
383, -6527.1691326498985, 3, 15.75678741700176, 999, 540024,                                             540024, 23.81519889831543, 428.0850830078125
384, 1826.299333870411, 1, 8.526911857999949, 519, 540543,                                             540543, 24.458669662475586, 426.2079162597656
385, -4094.2819409370422, 2, 8.324285703001806, 519, 541062,                                             541062, 24.049301147460938, 431.93463134765625
386, -5466.134574115276, 2, 20.77657414299756, 1308, 542370,                                             542370, 24.057050704956055, 425.5113220214844
387, -3223.4151235818863, 2, 9.128298161002022, 560, 542930,                                             542930, 24.141284942626953, 424.9212646484375
388, 1350.1386840641499, 1, 9.946120535998489, 619, 543549,                                             543549, 23.905906677246094, 425.49176025390625
389, -5434.74474054575, 2, 14.748923965998983, 919, 544468,                                             544468, 24.460887908935547, 425.6103515625
390, -3977.313998758793, 2, 12.940735202999349, 801, 545269,                                             545269, 24.39870262145996, 425.04119873046875
391, -3770.267954289913, 2, 8.595097192999674, 520, 545789,                                             545789, 24.795318603515625, 423.0340576171875
392, -3826.126091361046, 2, 10.14943313600088, 637, 546426,                                             546426, 24.42184066772461, 425.5021057128906
393, -4451.293575167656, 2, 14.341989650998585, 894, 547320,                                             547320, 24.78632164001465, 427.8985290527344
394, -6617.38696962595, 3, 25.375751609000872, 1593, 548913,                                             548913, 24.301679611206055, 425.7841796875
395, -4616.067694723606, 2, 12.150827193003352, 766, 549679,                                             549679, 23.78348159790039, 426.675048828125
396, -4190.669946908951, 2, 11.336653917001968, 703, 550382,                                             550382, 24.307315826416016, 424.9733581542969
397, -4067.0549017190933, 3, 12.959058707001532, 805, 551187,                                             551187, 24.476186752319336, 425.8163146972656
398, -2207.126284480095, 1, 27.779868337998778, 1745, 552932,                                             552932, 24.267929077148438, 424.9661865234375
399, -9263.413958609104, 3, 35.21524615799717, 2211, 555143,                                             555143, 24.442834854125977, 424.5639343261719
400, -8357.431962609291, 2, 21.9676859780011, 1367, 556510,                                             556510, 24.344118118286133, 425.9179382324219
401, -5985.050967037678, 2, 22.10475258199949, 1381, 557891,                                             557891, 24.620779037475586, 426.03314208984375
402, -7690.491046965122, 2, 20.376059998998244, 1289, 559180,                                             559180, 23.948650360107422, 421.7839050292969
403, -4337.414160370827, 2, 14.145007385999634, 880, 560060,                                             560060, 24.786943435668945, 425.7030334472656
404, 1124.3493070304394, 1, 13.956746358999226, 872, 560932,                                             560932, 24.157634735107422, 427.50665283203125
405, -4648.905018746853, 2, 7.133846335000271, 421, 561353,                                             561353, 23.833459854125977, 421.9889831542969
406, -4108.440228044987, 2, 10.139966987997468, 640, 561993,                                             561993, 23.546634674072266, 422.48828125
407, -4716.984237611294, 2, 15.74986537299992, 980, 562973,                                             562973, 24.635435104370117, 423.5474853515625
408, -782.89356559515, 1, 22.985813120001694, 1448, 564421,                                             564421, 23.963756561279297, 423.358154296875
409, -3459.9823471307755, 2, 6.3186802229975, 381, 564802,                                             564802, 24.71758460998535, 427.0008544921875
410, -3425.1204112768173, 2, 7.3279351009987295, 438, 565240,                                             565240, 24.58500862121582, 425.8976135253906
411, -8038.900694727898, 2, 21.83510495399969, 1366, 566606,                                             566606, 23.62900733947754, 425.7691650390625
412, -6097.009001195431, 2, 19.575151535002078, 1224, 567830,                                             567830, 24.934782028198242, 421.367431640625
413, 2219.130122244358, 1, 4.112809034999373, 247, 568077,                                             568077, 24.404882431030273, 429.033935546875
414, -3768.3488606214523, 2, 9.128987411000708, 565, 568642,                                             568642, 23.50786590576172, 421.1197509765625
415, -6894.765390396118, 2, 13.743627946001652, 848, 569490,                                             569490, 24.368371963500977, 425.88275146484375
416, 1340.6879221200943, 1, 8.940104725999845, 555, 570045,                                             570045, 24.08522605895996, 429.5281066894531
417, 541.0480090379715, 1, 16.96353791599904, 1035, 571080,                                             571080, 24.141475677490234, 420.07501220703125
418, -7805.424806416035, 4, 49.467870213000424, 3116, 574196,                                             574196, 24.27490234375, 421.31414794921875
419, -8751.384047865868, 4, 49.85578268599784, 3125, 577321,                                             577321, 24.142175674438477, 422.4464416503906
420, -5538.356250882149, 1, 48.251100942998164, 3020, 580341,                                             580341, 24.309017181396484, 421.0395812988281
421, -6185.908439517021, 3, 22.841773885000293, 1412, 581753,                                             581753, 24.136690139770508, 422.49853515625
422, -4398.864782869816, 3, 13.754299706000893, 861, 582614,                                             582614, 24.17892837524414, 422.4459533691406
423, -3550.5589871406555, 2, 6.1198532130001695, 368, 582982,                                             582982, 23.209867477416992, 421.29730224609375
424, -3901.9852947592735, 2, 10.54144208499929, 661, 583643,                                             583643, 23.83062171936035, 421.72003173828125
425, -2824.0303661823273, 1, 30.993801658001757, 1934, 585577,                                             585577, 23.405818939208984, 417.34515380859375
426, -3837.3425912857056, 2, 6.925119086001359, 421, 585998,                                             585998, 23.907609939575195, 421.422607421875
427, 2299.808694243431, 1, 4.1263103899982525, 253, 586251,                                             586251, 23.54475212097168, 421.01397705078125
428, -11218.24350130558, 3, 39.00693144999968, 2434, 588685,                                             588685, 23.87314796447754, 421.4065856933594
429, -7915.713492035866, 2, 19.959088857001916, 1238, 589923,                                             589923, 24.36423110961914, 421.55084228515625
430, -4617.6253497600555, 2, 18.36997095100014, 1157, 591080,                                             591080, 24.338499069213867, 421.73931884765625
431, -6249.75269806385, 2, 18.804061106002337, 1157, 592237,                                             592237, 23.99530792236328, 420.33935546875
432, -3206.086799144745, 2, 5.118037012001878, 305, 592542,                                             592542, 25.137510299682617, 421.0325012207031
433, -5607.709756672382, 2, 22.78021198799979, 1431, 593973,                                             593973, 24.114137649536133, 420.4424743652344
434, -6267.235960304737, 2, 12.93727429199862, 793, 594766,                                             594766, 23.808971405029297, 419.1380310058594
435, -5056.850019544363, 2, 15.14691066800151, 941, 595707,                                             595707, 24.44847869873047, 416.953369140625
436, 2064.5202340483665, 1, 8.324533418999636, 500, 596207,                                             596207, 24.19111442565918, 417.3634948730469
437, -14891.157683253288, 3, 35.613123697003175, 2229, 598436,                                             598436, 23.837112426757812, 420.5465393066406
438, -4415.792927324772, 2, 14.941052220001438, 921, 599357,                                             599357, 24.39198875427246, 420.45111083984375
439, -10661.00128519535, 2, 37.40874115599945, 2323, 601680,                                             601680, 23.939498901367188, 421.7364807128906
440, -4030.8126106262207, 2, 10.346972493000067, 641, 602321,                                             602321, 24.408349990844727, 421.97161865234375
441, -5618.3162752091885, 1, 37.863915013000224, 2349, 604670,                                             604670, 24.260622024536133, 420.16217041015625
442, -4309.3455193042755, 2, 7.735609335002664, 479, 605149,                                             605149, 24.216943740844727, 420.8819885253906
443, -4519.390774071217, 2, 12.337262002001808, 755, 605904,                                             605904, 24.82018280029297, 419.3910217285156
444, -3565.8675825595856, 2, 4.92775169900051, 299, 606203,                                             606203, 23.211034774780273, 420.0193786621094
445, -5015.5681673288345, 2, 11.93557221300216, 735, 606938,                                             606938, 23.801633834838867, 421.0687561035156
446, -4337.726837277412, 2, 9.126660332000029, 555, 607493,                                             607493, 24.350046157836914, 422.067626953125
447, 1296.1854055821896, 1, 10.14562494400161, 634, 608127,                                             608127, 24.077682495117188, 424.26800537109375
448, -9228.615750968456, 2, 43.43611448100273, 2705, 610832,                                             610832, 24.470989227294922, 421.4839172363281
449, -8323.100144982338, 2, 22.981325377997564, 1434, 612266,                                             612266, 24.86819076538086, 421.8937072753906
450, -10051.58879494667, 4, 50.065505695001775, 3102, 615368,                                             615368, 24.361656188964844, 420.8330078125
451, -6695.4008239507675, 2, 21.207670260999294, 1316, 616684,                                             616684, 24.541200637817383, 419.54296875
452, -5496.346189320087, 3, 13.16064292900046, 813, 617497,                                             617497, 25.245723724365234, 421.4998779296875
453, -4560.152388572693, 2, 10.131213435000973, 623, 618120,                                             618120, 24.62577247619629, 424.6724548339844
454, -5942.351365327835, 2, 18.759006314001454, 1157, 619277,                                             619277, 24.94175148010254, 423.4520263671875
455, 322.7702716588974, 1, 17.363944560001983, 1077, 620354,                                             620354, 24.285446166992188, 421.7514953613281
456, -8121.431654751301, 3, 17.151586877000227, 1055, 621409,                                             621409, 25.512338638305664, 419.7583923339844
457, -9416.634915232658, 2, 28.591241808997438, 1769, 623178,                                             623178, 24.352489471435547, 420.931884765625
458, -6904.2430164813995, 3, 25.80163890199765, 1604, 624782,                                             624782, 24.610157012939453, 419.51446533203125
459, -9175.350228250027, 2, 35.609019153998815, 2214, 626996,                                             626996, 24.613710403442383, 422.1175537109375
460, -8006.459672629833, 2, 20.96244662999743, 1265, 628261,                                             628261, 24.473190307617188, 421.99169921875
461, -5960.212312459946, 2, 19.634116633002122, 1218, 629479,                                             629479, 24.477710723876953, 420.9000549316406
462, -4263.3088982105255, 3, 13.742506017999403, 846, 630325,                                             630325, 24.507097244262695, 419.3250732421875
463, -5934.536167621613, 2, 17.764864179000142, 1105, 631430,                                             631430, 25.41182518005371, 420.9725646972656
464, -3012.205574274063, 1, 27.783115081001597, 1714, 633144,                                             633144, 24.897377014160156, 423.8567199707031
465, -10606.953825116158, 2, 28.38595128399902, 1755, 634899,                                             634899, 24.815011978149414, 422.27532958984375
466, -3712.569249153137, 2, 9.743518740000582, 604, 635503,                                             635503, 25.0325870513916, 422.8634948730469
467, -9551.471793711185, 3, 26.38310143600029, 1633, 637136,                                             637136, 24.98821449279785, 421.12835693359375
468, -4291.4514174461365, 3, 14.14381706399945, 870, 638006,                                             638006, 25.439123153686523, 425.44189453125
469, 2185.2756546139717, 1, 4.528199488999235, 278, 638284,                                             638284, 25.324003219604492, 420.4009094238281
470, -5996.520536780357, 2, 20.366696641998715, 1262, 639546,                                             639546, 24.579530715942383, 422.6679992675781
471, -6310.931793272495, 2, 22.448005727997952, 1399, 640945,                                             640945, 24.577125549316406, 421.07177734375
472, 620.7699837088585, 1, 16.16126593000081, 977, 641922,                                             641922, 25.5478572845459, 419.9049377441406
473, -7850.489148676395, 2, 22.565451174999907, 1392, 643314,                                             643314, 25.24439239501953, 422.4002685546875
474, -7770.204882502556, 2, 27.601656522998383, 1717, 645031,                                             645031, 25.228139877319336, 421.7996826171875
475, 862.8860515356064, 1, 11.337196942000446, 690, 645721,                                             645721, 25.286540985107422, 425.5701904296875
476, -7096.025439679623, 4, 49.86061867100216, 3100, 648821,                                             648821, 25.423137664794922, 421.51214599609375
477, -5863.26576846838, 2, 20.7633424859996, 1284, 650105,                                             650105, 24.7673282623291, 421.7354431152344
478, -7995.239684700966, 2, 24.773388583002088, 1532, 651637,                                             651637, 25.295984268188477, 421.2909851074219
479, -6117.298011600971, 2, 22.58136554900193, 1406, 653043,                                             653043, 25.257734298706055, 422.7612609863281
480, -6472.525781035423, 2, 26.601971716998378, 1662, 654705,                                             654705, 25.36924171447754, 422.7065734863281
481, -4445.224786639214, 3, 9.168205756999669, 560, 655265,                                             655265, 25.311447143554688, 423.2911376953125
482, -4535.548736721277, 1, 43.63642472799984, 2704, 657969,                                             657969, 24.953943252563477, 422.650146484375
483, -3521.504294395447, 3, 6.523903076002171, 388, 658357,                                             658357, 25.59698486328125, 419.2071228027344
484, -4053.811321616173, 2, 11.938770470002055, 726, 659083,                                             659083, 25.527204513549805, 424.65374755859375
485, -8434.370942950249, 2, 25.38725641199926, 1581, 660664,                                             660664, 25.099853515625, 423.50665283203125
486, -8271.680587291718, 2, 23.170273290001205, 1433, 662097,                                             662097, 25.33112144470215, 421.2134094238281
487, -4100.745218932629, 1, 36.62156182400213, 2282, 664379,                                             664379, 25.06997299194336, 423.6638488769531
488, -4115.551801919937, 3, 8.324163152999972, 503, 664882,                                             664882, 25.69118881225586, 423.6188049316406
489, -3673.458930492401, 2, 10.140699804000178, 624, 665506,                                             665506, 25.185155868530273, 423.36279296875
490, -5034.0860849022865, 2, 15.947599693001393, 977, 666483,                                             666483, 25.366413116455078, 424.2808532714844
491, -6012.345661997795, 3, 20.826765169000282, 1275, 667758,                                             667758, 24.714818954467773, 422.6539306640625
492, 1493.1499041616917, 1, 9.128064020998863, 558, 668316,                                             668316, 25.244400024414062, 424.0838928222656
493, -5111.323348104954, 3, 14.147358262001944, 864, 669180,                                             669180, 25.372343063354492, 422.985595703125
494, 1056.8169024586678, 1, 13.14323260600213, 801, 669981,                                             669981, 25.273014068603516, 421.9383239746094
495, -3235.6662890911102, 2, 1.7217442600012873, 102, 670083,                                             670083, 26.08646011352539, 420.0382995605469
496, -6545.595713496208, 2, 18.75731039099992, 1155, 671238,                                             671238, 25.415616989135742, 423.8890686035156
497, -6741.618349909782, 2, 24.389560613999492, 1523, 672761,                                             672761, 25.573211669921875, 422.674072265625
498, -4291.162152528763, 2, 9.930459740000515, 602, 673363,                                             673363, 25.20094871520996, 424.9851989746094
499, -13815.413959026337, 4, 50.659471497001505, 3144, 676507,                                             676507, 25.40629005432129, 424.0425720214844
500, 256.9150132238865, 1, 17.36653627800115, 1081, 677588,                                             677588, 25.803964614868164, 422.5146179199219
501, -9865.458647727966, 2, 24.30991722699764, 1502, 679090,                                             679090, 25.819820404052734, 421.077392578125
502, -13248.690689861774, 4, 49.845183366996935, 3100, 682190,                                             682190, 25.716806411743164, 421.6964416503906
503, -537.8517563045025, 1, 11.954217567999876, 741, 682931,                                             682931, 25.668153762817383, 421.1492614746094
504, -3609.1784253120422, 2, 6.530068928001128, 378, 683309,                                             683309, 25.961942672729492, 427.9326171875
505, 2264.9690575003624, 1, 4.311987965000299, 250, 683559,                                             683559, 25.037750244140625, 426.44256591796875
506, -8277.90874016285, 2, 27.399561309997807, 1681, 685240,                                             685240, 26.017295837402344, 422.9603576660156
507, -4729.1214698553085, 2, 14.747420188999968, 903, 686143,                                             686143, 25.66664695739746, 422.02386474609375
508, 1232.292071223259, 1, 12.53892416799863, 761, 686904,                                             686904, 26.232868194580078, 425.8907165527344
509, -3481.4589391946793, 2, 5.530286802000774, 338, 687242,                                             687242, 25.40784454345703, 419.2552795410156
510, -7294.284439146519, 2, 30.18321433899837, 1873, 689115,                                             689115, 26.288904190063477, 422.1231384277344
511, -1383.0776422917843, 1, 28.642025085999194, 1767, 690882,                                             690882, 25.667644500732422, 420.1726379394531
512, -3674.188097834587, 2, 6.335100267999223, 362, 691244,                                             691244, 25.2706241607666, 420.44549560546875
513, -6152.413729667664, 2, 20.9742679330011, 1302, 692546,                                             692546, 25.918766021728516, 420.83856201171875
514, 691.0586531162262, 1, 12.135015761999966, 740, 693286,                                             693286, 25.758081436157227, 417.8075256347656
515, -3424.9450352191925, 2, 3.923872784998821, 243, 693529,                                             693529, 25.73581886291504, 418.532470703125
516, 2289.7659255862236, 1, 4.109457927999756, 239, 693768,                                             693768, 26.300445556640625, 422.2161865234375
517, -2868.6417949199677, 2, 2.9174592649978877, 171, 693939,                                             693939, 26.1909122467041, 423.7196960449219
518, 2187.978630244732, 1, 4.316935859998921, 250, 694189,                                             694189, 25.402172088623047, 420.85406494140625
519, -7969.632946014404, 3, 24.188084894001804, 1482, 695671,                                             695671, 25.27507781982422, 422.7717590332031
520, -5147.493829011917, 2, 16.149151122001058, 988, 696659,                                             696659, 25.65509033203125, 420.0314025878906
521, 2231.97908949852, 1, 3.9702792759999284, 238, 696897,                                             696897, 25.769058227539062, 419.8528747558594
522, -7405.243012011051, 2, 29.996703952001553, 1863, 698760,                                             698760, 25.584978103637695, 420.474609375
523, 814.6291568875313, 1, 11.7471977339992, 726, 699486,                                             699486, 25.778217315673828, 420.8124084472656
524, -8044.63708627224, 2, 13.739987202003249, 838, 700324,                                             700324, 25.53291130065918, 420.9255065917969
525, -4224.234708666801, 2, 10.946598034999624, 677, 701001,                                             701001, 26.011106491088867, 421.1075439453125
526, -9565.433396935463, 2, 25.578879868000513, 1583, 702584,                                             702584, 26.06720733642578, 419.1736145019531
527, -4356.556585490704, 3, 14.154271578998305, 877, 703461,                                             703461, 25.649248123168945, 419.9249267578125
528, 1418.6859509944916, 1, 10.130065585999546, 615, 704076,                                             704076, 25.012714385986328, 418.27056884765625
529, -5507.919634580612, 2, 6.134626400998968, 373, 704449,                                             704449, 25.959026336669922, 420.5695495605469
530, 2200.7666227817535, 1, 4.113031119999505, 242, 704691,                                             704691, 26.45806121826172, 421.10491943359375
531, -2928.8242712020874, 2, 1.9656045699994138, 121, 704812,                                             704812, 25.37636375427246, 412.6876525878906
532, -4235.112899661064, 3, 13.3420080040014, 812, 705624,                                             705624, 25.75963020324707, 420.1055908203125
533, -6672.775366127491, 1, 33.41733567499978, 2088, 707712,                                             707712, 26.08182716369629, 421.7535400390625
534, -4938.081042647362, 2, 6.92340828399756, 419, 708131,                                             708131, 25.0372314453125, 419.15374755859375
535, -5933.787870883942, 2, 24.97139880299801, 1541, 709672,                                             709672, 25.469730377197266, 420.7560729980469
536, 1529.3025485277176, 1, 8.933479334002186, 537, 710209,                                             710209, 25.690664291381836, 420.9509582519531
537, 1647.1843499541283, 1, 10.13308792799944, 614, 710823,                                             710823, 25.53124237060547, 418.5085144042969
538, 1675.2694528102875, 1, 8.741554198000813, 538, 711361,                                             711361, 25.815372467041016, 419.3186950683594
539, -3052.913680076599, 3, 2.1073933870029578, 108, 711469,                                             711469, 23.829694747924805, 420.197021484375
540, -7049.666193604469, 2, 18.568118530998618, 1155, 712624,                                             712624, 26.00989532470703, 421.2987365722656
541, -7627.447209298611, 3, 21.595095680000668, 1334, 713958,                                             713958, 25.638139724731445, 419.9360046386719
542, -4275.693354010582, 2, 13.34400921499764, 818, 714776,                                             714776, 25.340856552124023, 418.0881652832031
543, -3700.752677321434, 2, 10.333195087001513, 628, 715404,                                             715404, 25.099071502685547, 416.0582580566406
544, -4506.486654162407, 2, 13.136687089998304, 801, 716205,                                             716205, 25.652687072753906, 417.0313720703125
545, 145.6116018295288, 1, 15.160122727000271, 943, 717148,                                             717148, 25.884328842163086, 418.7160339355469
546, -3067.891622066498, 2, 3.31168289299967, 193, 717341,                                             717341, 25.452777862548828, 415.19403076171875
547, -4745.455555260181, 1, 27.194953311001882, 1694, 719035,                                             719035, 26.00826072692871, 418.51885986328125
548, -4384.749367773533, 2, 13.136691469000652, 804, 719839,                                             719839, 25.969228744506836, 418.8627624511719
549, -5677.750051796436, 2, 18.376621883999178, 1143, 720982,                                             720982, 25.902833938598633, 417.7729797363281
550, 1922.092116177082, 1, 8.127856571998564, 488, 721470,                                             721470, 26.38292121887207, 418.4388427734375
551, -5050.105718612671, 2, 15.994911837999098, 986, 722456,                                             722456, 25.299468994140625, 417.1526184082031
552, -4188.909571528435, 2, 11.530862357001752, 705, 723161,                                             723161, 25.105409622192383, 420.24664306640625
553, -5697.229094684124, 2, 10.945736466997914, 681, 723842,                                             723842, 25.25208282470703, 419.169921875
554, -4059.233760356903, 2, 11.93344191900178, 724, 724566,                                             724566, 26.143539428710938, 417.9875793457031
555, -3868.1817116737366, 2, 10.743516067999735, 646, 725212,                                             725212, 25.578929901123047, 418.20709228515625
556, -3256.2648873329163, 2, 9.14376504699976, 565, 725777,                                             725777, 25.252824783325195, 418.09381103515625
557, -5449.068333506584, 3, 16.36751154599915, 994, 726771,                                             726771, 25.664457321166992, 415.21453857421875
558, -4633.979334652424, 2, 11.530557830999896, 702, 727473,                                             727473, 26.074960708618164, 417.89111328125
559, 1713.3510463237762, 1, 6.938680018000014, 430, 727903,                                             727903, 25.539976119995117, 418.00311279296875
560, -3674.952873945236, 2, 5.717292348999763, 343, 728246,                                             728246, 25.579238891601562, 416.4666442871094
561, -4079.8466201126575, 1, 25.198023110999202, 1545, 729791,                                             729791, 25.524044036865234, 417.3731384277344
562, -14.11901704967022, 1, 21.3846276889999, 1304, 731095,                                             731095, 25.883731842041016, 416.7179260253906
563, -3480.6820747852325, 3, 5.917905076999887, 350, 731445,                                             731445, 25.215362548828125, 418.6434326171875
564, 41.46092450618744, 1, 13.15636524799993, 809, 732254,                                             732254, 25.99624252319336, 415.3132019042969
565, -5279.029435575008, 2, 19.159728847000224, 1176, 733430,                                             733430, 26.055438995361328, 417.354736328125
566, 1478.001269876957, 1, 8.126547256000777, 487, 733917,                                             733917, 25.74553108215332, 416.8943786621094
567, -3299.1562589406967, 2, 5.71711823700025, 333, 734250,                                             734250, 25.81867027282715, 413.2990417480469
568, 1904.695372581482, 1, 8.142086305000703, 505, 734755,                                             734755, 25.68136215209961, 419.2002868652344
569, -6145.127797245979, 2, 16.75245427000118, 1030, 735785,                                             735785, 26.722192764282227, 416.3483581542969
570, 2235.0219706892967, 1, 4.129833292998228, 245, 736030,                                             736030, 26.057968139648438, 414.968505859375
571, -2823.9512326419353, 1, 18.868749969999044, 1136, 737166,                                             737166, 25.964521408081055, 414.25341796875
572, -12923.630883455276, 2, 29.989833149000333, 1844, 739010,                                             739010, 26.29792594909668, 415.81707763671875
573, -11905.020052611828, 4, 49.665056167999865, 3088, 742098,                                             742098, 26.040084838867188, 416.14544677734375
574, -4614.561139583588, 2, 10.32903699000235, 624, 742722,                                             742722, 25.460041046142578, 413.92791748046875
575, 692.4735986888409, 1, 14.962599541002419, 917, 743639,                                             743639, 26.496509552001953, 414.1833801269531
576, -8191.894026398659, 2, 16.140305528999306, 954, 744593,                                             744593, 25.665719985961914, 411.183837890625
577, -3302.332039475441, 2, 5.528615608000109, 327, 744920,                                             744920, 25.160974502563477, 416.3416442871094
578, -447.93276566267014, 1, 23.580556816999888, 1407, 746327,                                             746327, 25.874252319335938, 417.11376953125
579, -3354.9131719470024, 2, 5.117050269000174, 300, 746627,                                             746627, 25.62371826171875, 416.88934326171875
580, -9759.87400084734, 2, 28.382523407002736, 1729, 748356,                                             748356, 26.515432357788086, 415.2556457519531
581, -468.58217281103134, 1, 20.265351781999925, 1157, 749513,                                             749513, 26.445959091186523, 414.4356689453125
582, -7120.656904160976, 2, 25.177341987000545, 1565, 751078,                                             751078, 26.000450134277344, 415.5057067871094
583, 2188.0645409226418, 1, 4.3152741140002036, 250, 751328,                                             751328, 27.619239807128906, 414.44390869140625
584, -8599.398086071014, 2, 33.80339960499987, 2100, 753428,                                             753428, 26.297504425048828, 413.8890380859375
585, -4926.452613413334, 2, 12.339420021002297, 750, 754178,                                             754178, 25.463459014892578, 413.09588623046875
586, -3436.444552361965, 3, 9.336663570000383, 582, 754760,                                             754760, 26.297632217407227, 412.0711669921875
587, -4240.598764657974, 2, 6.917546238000796, 418, 755178,                                             755178, 26.08081817626953, 416.72052001953125
588, -3312.006458044052, 2, 5.721691789000033, 334, 755512,                                             755512, 26.12574005126953, 415.0219421386719
589, -7986.842589974403, 2, 23.9691120589996, 1479, 756991,                                             756991, 25.872364044189453, 413.7589111328125
590, -847.7684721946716, 1, 18.57273368299866, 1159, 758150,                                             758150, 25.888093948364258, 414.62103271484375
591, -4167.600927829742, 2, 5.624886926001636, 329, 758479,                                             758479, 26.114519119262695, 414.3138427734375
592, -3382.1444911956787, 2, 9.329526093999448, 570, 759049,                                             759049, 25.565488815307617, 414.2945251464844
593, 1203.5118427872658, 1, 9.738716620999185, 598, 759647,                                             759647, 26.46619987487793, 412.5182800292969
594, 1062.3246344923973, 1, 12.131827984998381, 741, 760388,                                             760388, 25.488237380981445, 415.409912109375
595, -10788.049674093723, 2, 33.20630769800118, 2070, 762458,                                             762458, 26.13016700744629, 413.07293701171875
596, -10270.350217163563, 2, 31.20474083099907, 1927, 764385,                                             764385, 25.949748992919922, 415.2533874511719
597, 1467.2088196575642, 1, 9.527384607001295, 577, 764962,                                             764962, 25.9600772857666, 413.6954345703125
598, -6461.188472658396, 2, 21.18016106899813, 1292, 766254,                                             766254, 25.846845626831055, 414.8112487792969
599, -11770.082003831863, 2, 46.04727842799912, 2850, 769104,                                             769104, 26.447349548339844, 413.4698791503906
600, -11150.790799319744, 2, 34.40203107000343, 2136, 771240,                                             771240, 26.118724822998047, 414.12335205078125
601, 1562.4769528210163, 1, 11.810179142998095, 732, 771972,                                             771972, 25.811391830444336, 410.9205017089844
602, -3352.264241218567, 2, 2.120417117002944, 104, 772076,                                             772076, 23.89493179321289, 409.9830627441406
603, -5537.8323447704315, 3, 8.5384243160006, 533, 772609,                                             772609, 26.236352920532227, 408.8944396972656
